    0.400000000000000D+01    0.169029635600000D+05
    0.402092646000000D+01    0.161678746900000D+05
    0.404185292100000D+01    0.154448586800000D+05
    0.406277938300000D+01    0.148109312800000D+05
    0.408370584600000D+01    0.141856955500000D+05
    0.410463231000000D+01    0.135559927000000D+05
    0.412555877500000D+01    0.129478012300000D+05
    0.414648524100000D+01    0.123679190700000D+05
    0.416741170800000D+01    0.118128415300000D+05
    0.418833817600000D+01    0.112811360700000D+05
    0.420926464400000D+01    0.107722750400000D+05
    0.423019111300000D+01    0.102846280400000D+05
    0.425111758300000D+01    0.981611103500000D+04
    0.427204405200000D+01    0.936487273500000D+04
    0.429297052200000D+01    0.892919267200000D+04
    0.431389699200000D+01    0.850756617200000D+04
    0.433482346200000D+01    0.809871643200000D+04
    0.435574993200000D+01    0.770215159800000D+04
    0.437667640100000D+01    0.731761065100000D+04
    0.439760286900000D+01    0.694471544500000D+04
    0.441852933700000D+01    0.658305291800000D+04
    0.443945580300000D+01    0.623220802600000D+04
    0.446038226900000D+01    0.589180510700000D+04
    0.448130873200000D+01    0.556162046100000D+04
    0.450223519400000D+01    0.524153104400000D+04
    0.452316165300000D+01    0.493163489600000D+04
    0.454408811100000D+01    0.463205650500000D+04
    0.456501456500000D+01    0.434285585000000D+04
    0.458594101700000D+01    0.406411382100000D+04
    0.460686746700000D+01    0.379600383900000D+04
    0.462779391300000D+01    0.353854903600000D+04
    0.464872035600000D+01    0.329135279100000D+04
    0.466964679700000D+01    0.305382382600000D+04
    0.469057323500000D+01    0.282507538100000D+04
    0.471149967100000D+01    0.260421911300000D+04
    0.473242610400000D+01    0.239044790100000D+04
    0.475335253600000D+01    0.218292324200000D+04
    0.477427896600000D+01    0.198073167600000D+04
    0.479520539500000D+01    0.178318362200000D+04
    0.481613182300000D+01    0.158998770700000D+04
    0.483705825100000D+01    0.140097994300000D+04
    0.485798468000000D+01    0.121613345200000D+04
    0.487891111000000D+01    0.103540884900000D+04
    0.489983754200000D+01    0.858732546400000D+03
    0.492076397700000D+01    0.686039039900000D+03
    0.494169041500000D+01    0.517274473300000D+03
    0.496261685700000D+01    0.352318548000000D+03
    0.498354330500000D+01    0.190971552300000D+03
    0.500446975900000D+01    0.330239352700000D+02
    0.502539622100000D+01   -0.121739527500000D+03
    0.504632269100000D+01   -0.273533982700000D+03
    0.506724917000000D+01   -0.422573999900000D+03
    0.508817565900000D+01   -0.569069877600000D+03
    0.510910215900000D+01   -0.713220550200000D+03
    0.513002866800000D+01   -0.855101442800000D+03
    0.515095518900000D+01   -0.994687817700000D+03
    0.517188171900000D+01   -0.113195676500000D+04
    0.519280825900000D+01   -0.126688869400000D+04
    0.521373480900000D+01   -0.139946150200000D+04
    0.523466136600000D+01   -0.152965186300000D+04
    0.525558793000000D+01   -0.165744223400000D+04
    0.527651450000000D+01   -0.178282151100000D+04
    0.529744107400000D+01   -0.190580622200000D+04
    0.531836764900000D+01   -0.202642794900000D+04
    0.533929422600000D+01   -0.214471510600000D+04
    0.536022080000000D+01   -0.226069460900000D+04
    0.538114736900000D+01   -0.237439483600000D+04
    0.540207393100000D+01   -0.248584443800000D+04
    0.542300048400000D+01   -0.259506927600000D+04
    0.544392702300000D+01   -0.270209312400000D+04
    0.546485354500000D+01   -0.280693414800000D+04
    0.548578004700000D+01   -0.290960856700000D+04
    0.550670652600000D+01   -0.301013352300000D+04
    0.552763297600000D+01   -0.310852643100000D+04
    0.554855939500000D+01   -0.320480450400000D+04
    0.556948577900000D+01   -0.329898485800000D+04
    0.559041212600000D+01   -0.339108447200000D+04
    0.561133843400000D+01   -0.348112019700000D+04
    0.563226470400000D+01   -0.356910853400000D+04
    0.565319093400000D+01   -0.365506598600000D+04
    0.567411712700000D+01   -0.373900937400000D+04
    0.569504328400000D+01   -0.382095529700000D+04
    0.571596940800000D+01   -0.390091938400000D+04
    0.573689550200000D+01   -0.397891881800000D+04
    0.575782157100000D+01   -0.405497586600000D+04
    0.577874761900000D+01   -0.412911492900000D+04
    0.579967365300000D+01   -0.420136359500000D+04
    0.582059968000000D+01   -0.427174958500000D+04
    0.584152570700000D+01   -0.434029970300000D+04
    0.586245174200000D+01   -0.440704104900000D+04
    0.588337779600000D+01   -0.447200163800000D+04
    0.590430387700000D+01   -0.453520692600000D+04
    0.592522999700000D+01   -0.459667707600000D+04
    0.594615616800000D+01   -0.465643076100000D+04
    0.596708240200000D+01   -0.471448510200000D+04
    0.598800871300000D+01   -0.477085729300000D+04
    0.600893511400000D+01   -0.482556491300000D+04
    0.602986162100000D+01   -0.487862549300000D+04
    0.605078824700000D+01   -0.493005644300000D+04
    0.607171500500000D+01   -0.497987522000000D+04
    0.609264190100000D+01   -0.502809936100000D+04
    0.611356894100000D+01   -0.507474619500000D+04
    0.613449612700000D+01   -0.511983282900000D+04
    0.615542345800000D+01   -0.516337729300000D+04
    0.617635092900000D+01   -0.520539872600000D+04
    0.619727853300000D+01   -0.524591753500000D+04
    0.621820626000000D+01   -0.528495534600000D+04
    0.623913409600000D+01   -0.532253358300000D+04
    0.626006202500000D+01   -0.535867343600000D+04
    0.628099002700000D+01   -0.539339616100000D+04
    0.630191808000000D+01   -0.542672307600000D+04
    0.632284615800000D+01   -0.545867546600000D+04
    0.634377423200000D+01   -0.548927459900000D+04
    0.636470227000000D+01   -0.551854181000000D+04
    0.638563023700000D+01   -0.554649846600000D+04
    0.640655809600000D+01   -0.557316568900000D+04
    0.642748580600000D+01   -0.559856428900000D+04
    0.644841332100000D+01   -0.562271350900000D+04
    0.646934059600000D+01   -0.564563171300000D+04
    0.649026758000000D+01   -0.566733742100000D+04
    0.651119421900000D+01   -0.568784923900000D+04
    0.653212045800000D+01   -0.570718573500000D+04
    0.655304626800000D+01   -0.572536549000000D+04
    0.657397166500000D+01   -0.574240714600000D+04
    0.659489671800000D+01   -0.575832937900000D+04
    0.661582154200000D+01   -0.577315085300000D+04
    0.663674630400000D+01   -0.578689024400000D+04
    0.665767121700000D+01   -0.579956631800000D+04
    0.667859654700000D+01   -0.581119764600000D+04
    0.669952260700000D+01   -0.582180171400000D+04
    0.672044976000000D+01   -0.583139559800000D+04
    0.674137841800000D+01   -0.583999618200000D+04
    0.676230904500000D+01   -0.584762026300000D+04
    0.678324215100000D+01   -0.585428460900000D+04
    0.680417830000000D+01   -0.586000593000000D+04
    0.682511810400000D+01   -0.586480086500000D+04
    0.684606222700000D+01   -0.586868595400000D+04
    0.686701138300000D+01   -0.587167760000000D+04
    0.688796634100000D+01   -0.587379215700000D+04
    0.690892791800000D+01   -0.587504608900000D+04
    0.692989698900000D+01   -0.587545545500000D+04
    0.695087447800000D+01   -0.587503511400000D+04
    0.697186136700000D+01   -0.587379936300000D+04
    0.699285869300000D+01   -0.587176168400000D+04
    0.701386754900000D+01   -0.586893536300000D+04
    0.703488908600000D+01   -0.586533371400000D+04
    0.705592447400000D+01   -0.586096994900000D+04
    0.707697488400000D+01   -0.585585713400000D+04
    0.709804148800000D+01   -0.585000821400000D+04
    0.711912545700000D+01   -0.584343601500000D+04
    0.714022796800000D+01   -0.583615332500000D+04
    0.716135019600000D+01   -0.582817299400000D+04
    0.718249332200000D+01   -0.581950755200000D+04
    0.720365853100000D+01   -0.581016883600000D+04
    0.722484701200000D+01   -0.580016808900000D+04
    0.724605996000000D+01   -0.578951552000000D+04
    0.726729857800000D+01   -0.577822123500000D+04
    0.728856407300000D+01   -0.576629546000000D+04
    0.730985766300000D+01   -0.575374837900000D+04
    0.733118057300000D+01   -0.574059009200000D+04
    0.735253403800000D+01   -0.572683064900000D+04
    0.737391930400000D+01   -0.571248005800000D+04
    0.739533762700000D+01   -0.569754834900000D+04
    0.741679027700000D+01   -0.568204562500000D+04
    0.743827853500000D+01   -0.566598177300000D+04
    0.745980369600000D+01   -0.564936626600000D+04
    0.748136707200000D+01   -0.563220791900000D+04
    0.750296998700000D+01   -0.561451446700000D+04
    0.752461378400000D+01   -0.559629361700000D+04
    0.754629979300000D+01   -0.557755325000000D+04
    0.756802924300000D+01   -0.555830134500000D+04
    0.758980324800000D+01   -0.553854598000000D+04
    0.761162280200000D+01   -0.551829538100000D+04
    0.763348877300000D+01   -0.549755794300000D+04
    0.765540189700000D+01   -0.547634232200000D+04
    0.767736277800000D+01   -0.545465749200000D+04
    0.769937187300000D+01   -0.543251243600000D+04
    0.772142949400000D+01   -0.540991601800000D+04
    0.774353579800000D+01   -0.538687673800000D+04
    0.776569078100000D+01   -0.536340247700000D+04
    0.778789426900000D+01   -0.533950145500000D+04
    0.781014591700000D+01   -0.531518237500000D+04
    0.783244519500000D+01   -0.529045429100000D+04
    0.785479138600000D+01   -0.526532660800000D+04
    0.787718357700000D+01   -0.523980911300000D+04
    0.789962065200000D+01   -0.521391199100000D+04
    0.792210128800000D+01   -0.518764595600000D+04
    0.794462394600000D+01   -0.516102229400000D+04
    0.796718686800000D+01   -0.513405233600000D+04
    0.798978806900000D+01   -0.510674726600000D+04
    0.801242533600000D+01   -0.507911824300000D+04
    0.803509623000000D+01   -0.505117627100000D+04
    0.805779824900000D+01   -0.502293268100000D+04
    0.808052897000000D+01   -0.499439902900000D+04
    0.810328606300000D+01   -0.496558692000000D+04
    0.812606729400000D+01   -0.493650797300000D+04
    0.814887053300000D+01   -0.490717381000000D+04
    0.817169376000000D+01   -0.487759603900000D+04
    0.819453506500000D+01   -0.484778631900000D+04
    0.821739265800000D+01   -0.481775634800000D+04
    0.824026486600000D+01   -0.478751717300000D+04
    0.826315014500000D+01   -0.475707898800000D+04
    0.828604707300000D+01   -0.472645168700000D+04
    0.830895436200000D+01   -0.469564487500000D+04
    0.833187085200000D+01   -0.466466806100000D+04
    0.835479552100000D+01   -0.463353067500000D+04
    0.837772747800000D+01   -0.460224199200000D+04
    0.840066597200000D+01   -0.457081112100000D+04
    0.842361038900000D+01   -0.453924703100000D+04
    0.844656025400000D+01   -0.450755854500000D+04
    0.846951523000000D+01   -0.447575424900000D+04
    0.849247512300000D+01   -0.444384245000000D+04
    0.851543987800000D+01   -0.441183058200000D+04
    0.853840957700000D+01   -0.437972518500000D+04
    0.856138436100000D+01   -0.434753273400000D+04
    0.858436438500000D+01   -0.431525974100000D+04
    0.860734982000000D+01   -0.428291269500000D+04
    0.863034084700000D+01   -0.425049807000000D+04
    0.865333766300000D+01   -0.421802231100000D+04
    0.867634047600000D+01   -0.418549184600000D+04
    0.869934950900000D+01   -0.415291315800000D+04
    0.872236499900000D+01   -0.412029275300000D+04
    0.874538719700000D+01   -0.408763683900000D+04
    0.876841636500000D+01   -0.405495134900000D+04
    0.879145278300000D+01   -0.402224176500000D+04
    0.881449674200000D+01   -0.398951323700000D+04
    0.883754855000000D+01   -0.395677098000000D+04
    0.886060852500000D+01   -0.392402025900000D+04
    0.888367700500000D+01   -0.389126631400000D+04
    0.890675433900000D+01   -0.385851436700000D+04
    0.892984089200000D+01   -0.382576961200000D+04
    0.895293704300000D+01   -0.379303723500000D+04
    0.897604318800000D+01   -0.376032250500000D+04
    0.899915973700000D+01   -0.372763067800000D+04
    0.902228711600000D+01   -0.369496634800000D+04
    0.904542576300000D+01   -0.366233369800000D+04
    0.906857611400000D+01   -0.362973672700000D+04
    0.909173859900000D+01   -0.359717935000000D+04
    0.911491363900000D+01   -0.356466556400000D+04
    0.913810165100000D+01   -0.353219941700000D+04
    0.916130304300000D+01   -0.349978497400000D+04
    0.918451821600000D+01   -0.346742632000000D+04
    0.920774756800000D+01   -0.343512758700000D+04
    0.923099148600000D+01   -0.340289293800000D+04
    0.925425035200000D+01   -0.337072653000000D+04
    0.927752454100000D+01   -0.333863249300000D+04
    0.930081442200000D+01   -0.330661468800000D+04
    0.932412035600000D+01   -0.327467686800000D+04
    0.934744269700000D+01   -0.324282284500000D+04
    0.937078179400000D+01   -0.321105646900000D+04
    0.939413798600000D+01   -0.317938163800000D+04
    0.941751160800000D+01   -0.314780227800000D+04
    0.944090298500000D+01   -0.311632229000000D+04
    0.946431243800000D+01   -0.308494562100000D+04
    0.948774027700000D+01   -0.305367648600000D+04
    0.951118680900000D+01   -0.302251904100000D+04
    0.953465232900000D+01   -0.299147632200000D+04
    0.955813713300000D+01   -0.296055078000000D+04
    0.958164151900000D+01   -0.292974395900000D+04
    0.960516578900000D+01   -0.289905710300000D+04
    0.962871024600000D+01   -0.286849166900000D+04
    0.965227519900000D+01   -0.283804919400000D+04
    0.967586095900000D+01   -0.280773117500000D+04
    0.969946784100000D+01   -0.277753910400000D+04
    0.972309616300000D+01   -0.274747447200000D+04
    0.974674624900000D+01   -0.271753879900000D+04
    0.977041842300000D+01   -0.268773370800000D+04
    0.979411301500000D+01   -0.265806165300000D+04
    0.981783036000000D+01   -0.262852906500000D+04
    0.984157079500000D+01   -0.259914364100000D+04
    0.986533466300000D+01   -0.256991300600000D+04
    0.988912230900000D+01   -0.254084482600000D+04
    0.991293408400000D+01   -0.251194696000000D+04
    0.993677034300000D+01   -0.248322726300000D+04
    0.996063144500000D+01   -0.245469322000000D+04
    0.998451775400000D+01   -0.242635260200000D+04
    0.100084296400000D+02   -0.239821482600000D+04
    0.100323674800000D+02   -0.237028792800000D+04
    0.100563316400000D+02   -0.234257193400000D+04
    0.100803225100000D+02   -0.231506325800000D+04
    0.101043404700000D+02   -0.228775222900000D+04
    0.101283859000000D+02   -0.226062787500000D+04
    0.101524592000000D+02   -0.223368049600000D+04
    0.101765607400000D+02   -0.220690061300000D+04
    0.102006909300000D+02   -0.218027845200000D+04
    0.102248501600000D+02   -0.215380401600000D+04
    0.102490388300000D+02   -0.212746684100000D+04
    0.102732573400000D+02   -0.210125680600000D+04
    0.102975060900000D+02   -0.207516560200000D+04
    0.103217855000000D+02   -0.204918936500000D+04
    0.103460959600000D+02   -0.202333886900000D+04
    0.103704379000000D+02   -0.199762792300000D+04
    0.103948117200000D+02   -0.197206917400000D+04
    0.104192178600000D+02   -0.194667521200000D+04
    0.104436567300000D+02   -0.192145915500000D+04
    0.104681287600000D+02   -0.189643421000000D+04
    0.104926343800000D+02   -0.187161332600000D+04
    0.105171740200000D+02   -0.184700982500000D+04
    0.105417481300000D+02   -0.182263823900000D+04
    0.105663571300000D+02   -0.179850997400000D+04
    0.105910014900000D+02   -0.177462546500000D+04
    0.106156816500000D+02   -0.175098239800000D+04
    0.106403980800000D+02   -0.172757671000000D+04
    0.106651512300000D+02   -0.170440412400000D+04
    0.106899415900000D+02   -0.168146079200000D+04
    0.107147696200000D+02   -0.165874288500000D+04
    0.107396358200000D+02   -0.163624642500000D+04
    0.107645406600000D+02   -0.161396739800000D+04
    0.107894846600000D+02   -0.159190178800000D+04
    0.108144683100000D+02   -0.157004555800000D+04
    0.108394921300000D+02   -0.154839464000000D+04
    0.108645566400000D+02   -0.152694492500000D+04
    0.108896623500000D+02   -0.150569224000000D+04
    0.109148098100000D+02   -0.148463329600000D+04
    0.109399995500000D+02   -0.146376730700000D+04
    0.109652321200000D+02   -0.144309393200000D+04
    0.109905080900000D+02   -0.142261287300000D+04
    0.110158280100000D+02   -0.140232383700000D+04
    0.110411924700000D+02   -0.138222652900000D+04
    0.110666020400000D+02   -0.136232066000000D+04
    0.110920573000000D+02   -0.134260594300000D+04
    0.111175588500000D+02   -0.132308210900000D+04
    0.111431072900000D+02   -0.130374891300000D+04
    0.111687032100000D+02   -0.128460609400000D+04
    0.111943472200000D+02   -0.126565333100000D+04
    0.112200399400000D+02   -0.124689041000000D+04
    0.112457819800000D+02   -0.122831739600000D+04
    0.112715739600000D+02   -0.120993472200000D+04
    0.112974165200000D+02   -0.119174361300000D+04
    0.113233102800000D+02   -0.117374538800000D+04
    0.113492559000000D+02   -0.115594127700000D+04
    0.113752540100000D+02   -0.113833252900000D+04
    0.114013052800000D+02   -0.112092044600000D+04
    0.114274103500000D+02   -0.110370636100000D+04
    0.114535699000000D+02   -0.108669165100000D+04
    0.114797846000000D+02   -0.106987768500000D+04
    0.115060551300000D+02   -0.105326579000000D+04
    0.115323821700000D+02   -0.103685743200000D+04
    0.115587664100000D+02   -0.102065438500000D+04
    0.115852085800000D+02   -0.100465752100000D+04
    0.116117093800000D+02   -0.988865515600000D+03
    0.116382695500000D+02   -0.973276464400000D+03
    0.116648898500000D+02   -0.957887854000000D+03
    0.116915710300000D+02   -0.942697130400000D+03
    0.117183138900000D+02   -0.927701862700000D+03
    0.117451192300000D+02   -0.912899591600000D+03
    0.117719878500000D+02   -0.898287784000000D+03
    0.117989205900000D+02   -0.883863883400000D+03
    0.118259183000000D+02   -0.869625330600000D+03
    0.118529818400000D+02   -0.855569507100000D+03
    0.118801121200000D+02   -0.841693693300000D+03
    0.119073100300000D+02   -0.827995262000000D+03
    0.119345765000000D+02   -0.814471845300000D+03
    0.119619124700000D+02   -0.801121273800000D+03
    0.119893189300000D+02   -0.787941758200000D+03
    0.120167968600000D+02   -0.774931503000000D+03
    0.120443472600000D+02   -0.762088612900000D+03
    0.120719711700000D+02   -0.749411171700000D+03
    0.120996696000000D+02   -0.736897263600000D+03
    0.121274435700000D+02   -0.724544972100000D+03
    0.121552940700000D+02   -0.712352389700000D+03
    0.121832221100000D+02   -0.700317543400000D+03
    0.122112286800000D+02   -0.688438332500000D+03
    0.122393147700000D+02   -0.676712839700000D+03
    0.122674813600000D+02   -0.665139588200000D+03
    0.122957294000000D+02   -0.653717777000000D+03
    0.123240598600000D+02   -0.642447916800000D+03
    0.123524736800000D+02   -0.631330607800000D+03
    0.123809718000000D+02   -0.620366271700000D+03
    0.124095551200000D+02   -0.609555358200000D+03
    0.124382245400000D+02   -0.598898405900000D+03
    0.124669809600000D+02   -0.588395945300000D+03
    0.124958252300000D+02   -0.578048450700000D+03
    0.125247582000000D+02   -0.567856519900000D+03
    0.125537806900000D+02   -0.557821001600000D+03
    0.125828936300000D+02   -0.547942279800000D+03
    0.126120980300000D+02   -0.538219699500000D+03
    0.126413950400000D+02   -0.528651566700000D+03
    0.126707859200000D+02   -0.519234321800000D+03
    0.127002720600000D+02   -0.509964243700000D+03
    0.127298550100000D+02   -0.500837843700000D+03
    0.127595364600000D+02   -0.491851524000000D+03
    0.127893182300000D+02   -0.483001473900000D+03
    0.128192023500000D+02   -0.474283827300000D+03
    0.128491909900000D+02   -0.465694740600000D+03
    0.128792865100000D+02   -0.457230096500000D+03
    0.129094914700000D+02   -0.448885284300000D+03
    0.129398086600000D+02   -0.440656594500000D+03
    0.129702410500000D+02   -0.432542465700000D+03
    0.130007918900000D+02   -0.424542115900000D+03
    0.130314646300000D+02   -0.416655885000000D+03
    0.130622629300000D+02   -0.408884154000000D+03
    0.130931901000000D+02   -0.401227168200000D+03
    0.131242490600000D+02   -0.393685316200000D+03
    0.131554422500000D+02   -0.386259189800000D+03
    0.131867716000000D+02   -0.378949579100000D+03
    0.132182385000000D+02   -0.371757508800000D+03
    0.132498437100000D+02   -0.364683978900000D+03
    0.132815873800000D+02   -0.357729726600000D+03
    0.133134689000000D+02   -0.350894717700000D+03
    0.133454869200000D+02   -0.344177183500000D+03
    0.133776392700000D+02   -0.337575267000000D+03
    0.134099228900000D+02   -0.331087373900000D+03
    0.134423337600000D+02   -0.324711948800000D+03
    0.134748669000000D+02   -0.318447405700000D+03
    0.135075162600000D+02   -0.312292186700000D+03
    0.135402746800000D+02   -0.306244778800000D+03
    0.135731342700000D+02   -0.300303595900000D+03
    0.136060871200000D+02   -0.294466811600000D+03
    0.136391254600000D+02   -0.288733074200000D+03
    0.136722416700000D+02   -0.283102402200000D+03
    0.137054283700000D+02   -0.277574880800000D+03
    0.137386784100000D+02   -0.272150478100000D+03
    0.137719849300000D+02   -0.266829000000000D+03
    0.138053413900000D+02   -0.261610078800000D+03
    0.138387415900000D+02   -0.256493190400000D+03
    0.138721797200000D+02   -0.251477662900000D+03
    0.139056503500000D+02   -0.246562679100000D+03
    0.139391485000000D+02   -0.241747281600000D+03
    0.139726695800000D+02   -0.237030380600000D+03
    0.140062095000000D+02   -0.232410761500000D+03
    0.140397646100000D+02   -0.227887092200000D+03
    0.140733316800000D+02   -0.223457937500000D+03
    0.141069077700000D+02   -0.219121785600000D+03
    0.141404902000000D+02   -0.214877056100000D+03
    0.141740765800000D+02   -0.210722101200000D+03
    0.142076647800000D+02   -0.206655207300000D+03
    0.142412529600000D+02   -0.202674613400000D+03
    0.142748395600000D+02   -0.198778527800000D+03
    0.143084232800000D+02   -0.194965235600000D+03
    0.143420031500000D+02   -0.191233259400000D+03
    0.143755784400000D+02   -0.187581116000000D+03
    0.144091487100000D+02   -0.184007271100000D+03
    0.144427138200000D+02   -0.180510158400000D+03
    0.144762738800000D+02   -0.177088187800000D+03
    0.145098293100000D+02   -0.173739744000000D+03
    0.145433807900000D+02   -0.170463188900000D+03
    0.145769291600000D+02   -0.167256876200000D+03
    0.146104752000000D+02   -0.164119173200000D+03
    0.146440196200000D+02   -0.161048460900000D+03
    0.146775630400000D+02   -0.158043133500000D+03
    0.147111060400000D+02   -0.155101596300000D+03
    0.147446490900000D+02   -0.152222263700000D+03
    0.147781926000000D+02   -0.149403562100000D+03
    0.148117369100000D+02   -0.146643933500000D+03
    0.148452822600000D+02   -0.143941818400000D+03
    0.148788288600000D+02   -0.141295641100000D+03
    0.149123768000000D+02   -0.138703869200000D+03
    0.149459261200000D+02   -0.136165070300000D+03
    0.149794767800000D+02   -0.133677982200000D+03
    0.150130286700000D+02   -0.131241698900000D+03
    0.150465816000000D+02   -0.128855348800000D+03
    0.150801353400000D+02   -0.126518015600000D+03
    0.151136896900000D+02   -0.124228779300000D+03
    0.151472444500000D+02   -0.121986729700000D+03
    0.151807994600000D+02   -0.119790954100000D+03
    0.152143545800000D+02   -0.117640534800000D+03
    0.152479096700000D+02   -0.115534551400000D+03
    0.152814646200000D+02   -0.113472082900000D+03
    0.153150193600000D+02   -0.111452206300000D+03
    0.153485738000000D+02   -0.109473997500000D+03
    0.153821279200000D+02   -0.107536530100000D+03
    0.154156816600000D+02   -0.105638875400000D+03
    0.154492350400000D+02   -0.103780105200000D+03
    0.154827880700000D+02   -0.101959295800000D+03
    0.155163407600000D+02   -0.100175514700000D+03
    0.155498931900000D+02   -0.984278092200000D+02
    0.155834454000000D+02   -0.967152595300000D+02
    0.156169974600000D+02   -0.950370294400000D+02
    0.156505494200000D+02   -0.933923575400000D+02
    0.156841013100000D+02   -0.917806280400000D+02
    0.157176531800000D+02   -0.902012347800000D+02
    0.157512050500000D+02   -0.886535457900000D+02
    0.157847569700000D+02   -0.871369288000000D+02
    0.158183089500000D+02   -0.856507588800000D+02
    0.158518610100000D+02   -0.841944116000000D+02
    0.158854131600000D+02   -0.827672609800000D+02
    0.159189654000000D+02   -0.813686811700000D+02
    0.159525177400000D+02   -0.799980469800000D+02
    0.159860701800000D+02   -0.786547335700000D+02
    0.160196227000000D+02   -0.773381166000000D+02
    0.160531752900000D+02   -0.760475712400000D+02
    0.160867279300000D+02   -0.747824711500000D+02
    0.161202806100000D+02   -0.735421921800000D+02
    0.161538333100000D+02   -0.723261159000000D+02
    0.161873860300000D+02   -0.711336151600000D+02
    0.162209387400000D+02   -0.699640409700000D+02
    0.162544914500000D+02   -0.688167866500000D+02
    0.162880441500000D+02   -0.676913511000000D+02
    0.163215968300000D+02   -0.665872898200000D+02
    0.163551494900000D+02   -0.655042551100000D+02
    0.163887021200000D+02   -0.644419039000000D+02
    0.164222547300000D+02   -0.633998720900000D+02
    0.164558073200000D+02   -0.623777949900000D+02
    0.164893598900000D+02   -0.613753135000000D+02
    0.165229124400000D+02   -0.603920686100000D+02
    0.165564649900000D+02   -0.594276997800000D+02
    0.165900175300000D+02   -0.584818464600000D+02
    0.166235700800000D+02   -0.575541484800000D+02
    0.166571226300000D+02   -0.566442458100000D+02
    0.166906751900000D+02   -0.557517784400000D+02
    0.167242277700000D+02   -0.548763862100000D+02
    0.167577803500000D+02   -0.540177086100000D+02
    0.167913329500000D+02   -0.531753857800000D+02
    0.168248855500000D+02   -0.523490595500000D+02
    0.168584381600000D+02   -0.515383693200000D+02
    0.168919907800000D+02   -0.507429483700000D+02
    0.169255433900000D+02   -0.499624449800000D+02
    0.169590959900000D+02   -0.491965442000000D+02
    0.169926485700000D+02   -0.484449438000000D+02
    0.170262011300000D+02   -0.477073589400000D+02
    0.170597536500000D+02   -0.469835054500000D+02
    0.170933061300000D+02   -0.462730949000000D+02
    0.171268585600000D+02   -0.455758386900000D+02
    0.171604109500000D+02   -0.448914492600000D+02
    0.171939632800000D+02   -0.442196390500000D+02
    0.172275155800000D+02   -0.435601201500000D+02
    0.172610678300000D+02   -0.429126045800000D+02
    0.172946200500000D+02   -0.422768043200000D+02
    0.173281722600000D+02   -0.416524314200000D+02
    0.173617244700000D+02   -0.410391980900000D+02
    0.173952767000000D+02   -0.404368161800000D+02
    0.174288289600000D+02   -0.398449967000000D+02
    0.174623812900000D+02   -0.392634518400000D+02
    0.174959337000000D+02   -0.386918968700000D+02
    0.175294862400000D+02   -0.381300424700000D+02
    0.175630389200000D+02   -0.375775879200000D+02
    0.175965917800000D+02   -0.370342750700000D+02
    0.176301448200000D+02   -0.364999482500000D+02
    0.176636980600000D+02   -0.359744755000000D+02
    0.176972514700000D+02   -0.354577459900000D+02
    0.177308050600000D+02   -0.349496496800000D+02
    0.177643587700000D+02   -0.344500712200000D+02
    0.177979125900000D+02   -0.339588952400000D+02
    0.178314664600000D+02   -0.334760079300000D+02
    0.178650203100000D+02   -0.330012956300000D+02
    0.178985740900000D+02   -0.325346443400000D+02
    0.179321277100000D+02   -0.320759401700000D+02
    0.179656810800000D+02   -0.316250693600000D+02
    0.179992341100000D+02   -0.311819182400000D+02
    0.180327866700000D+02   -0.307463731300000D+02
    0.180663386600000D+02   -0.303183203200000D+02
    0.180998899900000D+02   -0.298976456300000D+02
    0.181334406200000D+02   -0.294842343600000D+02
    0.181669905400000D+02   -0.290779713200000D+02
    0.182005397900000D+02   -0.286787408600000D+02
    0.182340884300000D+02   -0.282864269500000D+02
    0.182676365700000D+02   -0.279009131700000D+02
    0.183011843600000D+02   -0.275220827800000D+02
    0.183347319900000D+02   -0.271498187400000D+02
    0.183682796800000D+02   -0.267840037400000D+02
    0.184018276900000D+02   -0.264245202300000D+02
    0.184353763200000D+02   -0.260712504600000D+02
    0.184689259200000D+02   -0.257240764900000D+02
    0.185024768500000D+02   -0.253828802100000D+02
    0.185360295500000D+02   -0.250475433800000D+02
    0.185695844600000D+02   -0.247179476500000D+02
    0.186031420600000D+02   -0.243939746400000D+02
    0.186367028800000D+02   -0.240755059700000D+02
    0.186702674600000D+02   -0.237624232500000D+02
    0.187038363600000D+02   -0.234546080900000D+02
    0.187374102100000D+02   -0.231519421000000D+02
    0.187709896300000D+02   -0.228543068900000D+02
    0.188045752800000D+02   -0.225615840900000D+02
    0.188381678800000D+02   -0.222736553200000D+02
    0.188717681500000D+02   -0.219904022100000D+02
    0.189053768400000D+02   -0.217117063500000D+02
    0.189389947600000D+02   -0.214374493700000D+02
    0.189726227300000D+02   -0.211675128400000D+02
    0.190062616000000D+02   -0.209017783200000D+02
    0.190399122700000D+02   -0.206401272600000D+02
    0.190735756700000D+02   -0.203824411900000D+02
    0.191072527100000D+02   -0.201286018400000D+02
    0.191409443400000D+02   -0.198784908300000D+02
    0.191746515100000D+02   -0.196319894500000D+02
    0.192083751800000D+02   -0.193889796300000D+02
    0.192421163300000D+02   -0.191493448700000D+02
    0.192758759200000D+02   -0.189129663100000D+02
    0.193096549600000D+02   -0.186797191300000D+02
    0.193434544500000D+02   -0.184494992300000D+02
    0.193772754100000D+02   -0.182222523200000D+02
    0.194111188800000D+02   -0.179979360700000D+02
    0.194449858900000D+02   -0.177765195800000D+02
    0.194788775000000D+02   -0.175579724200000D+02
    0.195127947900000D+02   -0.173422613900000D+02
    0.195467388500000D+02   -0.171293534000000D+02
    0.195807107700000D+02   -0.169192162700000D+02
    0.196147116600000D+02   -0.167118180300000D+02
    0.196487426500000D+02   -0.165071266700000D+02
    0.196828048500000D+02   -0.163051103300000D+02
    0.197168994000000D+02   -0.161057373600000D+02
    0.197510274400000D+02   -0.159089762700000D+02
    0.197851901300000D+02   -0.157147956500000D+02
    0.198193886300000D+02   -0.155231642600000D+02
    0.198536241200000D+02   -0.153340509400000D+02
    0.198878977800000D+02   -0.151474246600000D+02
    0.199222108200000D+02   -0.149632544600000D+02
    0.199565644500000D+02   -0.147815094700000D+02
    0.199909598900000D+02   -0.146021589300000D+02
    0.200253983900000D+02   -0.144251720900000D+02
    0.200598811900000D+02   -0.142505183000000D+02
    0.200944095600000D+02   -0.140781670000000D+02
    0.201289847600000D+02   -0.139080877200000D+02
    0.201636080600000D+02   -0.137402500900000D+02
    0.201982807100000D+02   -0.135746238100000D+02
    0.202330039900000D+02   -0.134111786600000D+02
    0.202677791600000D+02   -0.132498844700000D+02
    0.203026075100000D+02   -0.130907110900000D+02
    0.203374903000000D+02   -0.129336284200000D+02
    0.203724288200000D+02   -0.127786063500000D+02
    0.204074243600000D+02   -0.126256148100000D+02
    0.204424781900000D+02   -0.124746236700000D+02
    0.204775916200000D+02   -0.123256028100000D+02
    0.205127659300000D+02   -0.121785220500000D+02
    0.205480024400000D+02   -0.120333511900000D+02
    0.205833024400000D+02   -0.118900599400000D+02
    0.206186672500000D+02   -0.117486179300000D+02
    0.206540981700000D+02   -0.116089947400000D+02
    0.206895965400000D+02   -0.114711598300000D+02
    0.207251636600000D+02   -0.113350825400000D+02
    0.207608008800000D+02   -0.112007320900000D+02
    0.207965095000000D+02   -0.110680775600000D+02
    0.208322908900000D+02   -0.109370879100000D+02
    0.208681463600000D+02   -0.108077319000000D+02
    0.209040772700000D+02   -0.106799779600000D+02
    0.209400849700000D+02   -0.105537945400000D+02
    0.209761708200000D+02   -0.104291503100000D+02
    0.210123361600000D+02   -0.103060129800000D+02
    0.210485823600000D+02   -0.101843484000000D+02
    0.210849108000000D+02   -0.100641266800000D+02
    0.211213228600000D+02   -0.994532766900000D+01
    0.211578199100000D+02   -0.982793455100000D+01
    0.211944033700000D+02   -0.971193508800000D+01
    0.212310746300000D+02   -0.959731704500000D+01
    0.212678351200000D+02   -0.948406702000000D+01
    0.213046862600000D+02   -0.937217157000000D+01
    0.213416294900000D+02   -0.926161749800000D+01
    0.213786662700000D+02   -0.915239154100000D+01
    0.214157980400000D+02   -0.904448028800000D+01
    0.214530262900000D+02   -0.893787025200000D+01
    0.214903524700000D+02   -0.883254788600000D+01
    0.215277780900000D+02   -0.872849955400000D+01
    0.215653046400000D+02   -0.862571151500000D+01
    0.216029336400000D+02   -0.852416991100000D+01
    0.216406666200000D+02   -0.842386074900000D+01
    0.216785051300000D+02   -0.832476989600000D+01
    0.217164507500000D+02   -0.822688307100000D+01
    0.217545050600000D+02   -0.813018583500000D+01
    0.217926696900000D+02   -0.803466358700000D+01
    0.218309462500000D+02   -0.794030155600000D+01
    0.218693364200000D+02   -0.784708479100000D+01
    0.219078418600000D+02   -0.775499815200000D+01
    0.219464642700000D+02   -0.766402630500000D+01
    0.219852053600000D+02   -0.757415371000000D+01
    0.220240668900000D+02   -0.748536461600000D+01
    0.220630506200000D+02   -0.739764304500000D+01
    0.221021583200000D+02   -0.731097278700000D+01
    0.221413918200000D+02   -0.722533738600000D+01
    0.221807529500000D+02   -0.714072013000000D+01
    0.222202435800000D+02   -0.705710404300000D+01
    0.222598655900000D+02   -0.697447186800000D+01
    0.222996209000000D+02   -0.689280606400000D+01
    0.223395114400000D+02   -0.681208878800000D+01
    0.223795391900000D+02   -0.673230188700000D+01
    0.224197061300000D+02   -0.665342688300000D+01
    0.224600143000000D+02   -0.657544496200000D+01
    0.225004657300000D+02   -0.649833696500000D+01
    0.225410625100000D+02   -0.642208336300000D+01
    0.225818067500000D+02   -0.634666422700000D+01
    0.226227006200000D+02   -0.627205919900000D+01
    0.226637463600000D+02   -0.619824748900000D+01
    0.227049462900000D+02   -0.612520772100000D+01
    0.227463028000000D+02   -0.605291784100000D+01
    0.227878183800000D+02   -0.598135561900000D+01
    0.228294955900000D+02   -0.591049901800000D+01
    0.228713370600000D+02   -0.584033212400000D+01
    0.229133455400000D+02   -0.577085002400000D+01
    0.229555238800000D+02   -0.570204848300000D+01
    0.229978750000000D+02   -0.563392260100000D+01
    0.230404019600000D+02   -0.556646736500000D+01
    0.230831079100000D+02   -0.549967776600000D+01
    0.231259960900000D+02   -0.543354866900000D+01
    0.231690698600000D+02   -0.536807478500000D+01
    0.232123326600000D+02   -0.530325070900000D+01
    0.232557880200000D+02   -0.523907092000000D+01
    0.232994396000000D+02   -0.517552976500000D+01
    0.233432911600000D+02   -0.511262145200000D+01
    0.233873465800000D+02   -0.505034004300000D+01
    0.234316098400000D+02   -0.498867945000000D+01
    0.234760850900000D+02   -0.492763342700000D+01
    0.235207765700000D+02   -0.486719556000000D+01
    0.235656886900000D+02   -0.480735926200000D+01
    0.236108259700000D+02   -0.474811776800000D+01
    0.236561930900000D+02   -0.468946413700000D+01
    0.237017948800000D+02   -0.463139124100000D+01
    0.237476363100000D+02   -0.457389175600000D+01
    0.237937225100000D+02   -0.451695815000000D+01
    0.238400587700000D+02   -0.446058267100000D+01
    0.238866505700000D+02   -0.440475733900000D+01
    0.239335035600000D+02   -0.434947392700000D+01
    0.239806235800000D+02   -0.429472395000000D+01
    0.240280166900000D+02   -0.424049865400000D+01
    0.240756891300000D+02   -0.418678899300000D+01
    0.241236473900000D+02   -0.413358561400000D+01
    0.241718981600000D+02   -0.408087883200000D+01
    0.242204484300000D+02   -0.402865862300000D+01
    0.242693054000000D+02   -0.397691460400000D+01
    0.243184765900000D+02   -0.392563597300000D+01
    0.243679697700000D+02   -0.387481147800000D+01
    0.244177930600000D+02   -0.382442953100000D+01
    0.244679548600000D+02   -0.377447823000000D+01
    0.245184639600000D+02   -0.372494475700000D+01
    0.245693294700000D+02   -0.367581532200000D+01
    0.246205609100000D+02   -0.362708198700000D+01
    0.246721682000000D+02   -0.357874512200000D+01
    0.247241617000000D+02   -0.353080613100000D+01
    0.247765522100000D+02   -0.348326690700000D+01
    0.248293510200000D+02   -0.343612511400000D+01
    0.248825699500000D+02   -0.338937272500000D+01
    0.249362213700000D+02   -0.334300154900000D+01
    0.249903182200000D+02   -0.329700376000000D+01
    0.250448741000000D+02   -0.325137203300000D+01
    0.250999032600000D+02   -0.320609971500000D+01
    0.251554206700000D+02   -0.316117992600000D+01
    0.252114420900000D+02   -0.311660549100000D+01
    0.252679840900000D+02   -0.307236899000000D+01
    0.253250641500000D+02   -0.302846277200000D+01
    0.253827006900000D+02   -0.298487923700000D+01
    0.254409132000000D+02   -0.294161090400000D+01
    0.254997222500000D+02   -0.289865007400000D+01
    0.255591496600000D+02   -0.285598881700000D+01
    0.256192185500000D+02   -0.281361903200000D+01
    0.256799534500000D+02   -0.277153245300000D+01
    0.257413804700000D+02   -0.272972059600000D+01
    0.258035274200000D+02   -0.268817474100000D+01
    0.258664239300000D+02   -0.264688585600000D+01
    0.259301017000000D+02   -0.260584456800000D+01
    0.259945946400000D+02   -0.256504121900000D+01
    0.260599391100000D+02   -0.252446582100000D+01
    0.261261742000000D+02   -0.248410798400000D+01
    0.261933419900000D+02   -0.244395684700000D+01
    0.262614879000000D+02   -0.240400100700000D+01
    0.263306610600000D+02   -0.236422842600000D+01
    0.264009147600000D+02   -0.232462637100000D+01
    0.264723069300000D+02   -0.228518128000000D+01
    0.265449007600000D+02   -0.224587870200000D+01
    0.266187653600000D+02   -0.220670311300000D+01
    0.266939765900000D+02   -0.216763794900000D+01
    0.267706179800000D+02   -0.212866534100000D+01
    0.268487819100000D+02   -0.208976594400000D+01
    0.269285709100000D+02   -0.205091856000000D+01
    0.270100993100000D+02   -0.201209983900000D+01
    0.270934952400000D+02   -0.197328379200000D+01
    0.271789030200000D+02   -0.193444178600000D+01
    0.272664861400000D+02   -0.189554176000000D+01
    0.273564309600000D+02   -0.185654749300000D+01
    0.274489514600000D+02   -0.181741752700000D+01
    0.275442952000000D+02   -0.177810474400000D+01
    0.276427511100000D+02   -0.173855451200000D+01
    0.277446599400000D+02   -0.169870274500000D+01
    0.278504282200000D+02   -0.165847290800000D+01
    0.279605473700000D+02   -0.161777328500000D+01
    0.280756204600000D+02   -0.157649139000000D+01
    0.281964004900000D+02   -0.153448777400000D+01
    0.283238449400000D+02   -0.149158544000000D+01
    0.284591980000000D+02   -0.144755620100000D+01
    0.286041214000000D+02   -0.140209648500000D+01
    0.287609121700000D+02   -0.135479122500000D+01
    0.289329276800000D+02   -0.130503355800000D+01
    0.291254466000000D+02   -0.125187015200000D+01
    0.293475884800000D+02   -0.119365556000000D+01
    0.296161355800000D+02   -0.112747311900000D+01
    0.299601206400000D+02   -0.104888943000000D+01
    0.304119935300000D+02   -0.955209885600000D+00
    0.309574425900000D+02   -0.854909020600000D+00
    0.315294645300000D+02   -0.762734968200000D+00
    0.321092758800000D+02   -0.680970254300000D+00
    0.327305554000000D+02   -0.604517637800000D+00
    0.334064153100000D+02   -0.532512508300000D+00
    0.341283610200000D+02   -0.466434289800000D+00
    0.348986116600000D+02   -0.406275499600000D+00
    0.357305694700000D+02   -0.351231148700000D+00
    0.366335994600000D+02   -0.301109097900000D+00
    0.376138456200000D+02   -0.255888605300000D+00
    0.386823163200000D+02   -0.215393992700000D+00
    0.398547063000000D+02   -0.179282246600000D+00
    0.411483540800000D+02   -0.147393935900000D+00
    0.425832554800000D+02   -0.119460017800000D+00
    0.441863459600000D+02   -0.953100414900000D-01
    0.459920957100000D+02   -0.746030157200000D-01
    0.480453620900000D+02   -0.571764808400000D-01
    0.504036297400000D+02   -0.426795041600000D-01
    0.531480275100000D+02   -0.309332236900000D-01
    0.563880735900000D+02   -0.215714591100000D-01
    0.602856799100000D+02   -0.143909685100000D-01
    0.650728073600000D+02   -0.904458374200000D-02
    0.711202664900000D+02   -0.527671789400000D-02
    0.790165317600000D+02   -0.279424641600000D-02
    0.897402042200000D+02   -0.127342040700000D-02
    0.105056069600000D+03   -0.507786916200000D-03
    0.127102360800000D+03   -0.146939227600000D-03
    0.158273251500000D+03   -0.481851607400000D-04
    0.194769551500000D+03   -0.141114938400000D-04
    0.233840983500000D+03   -0.337946830800000D-05
    0.273849107000000D+03   -0.975740939600000D-06
    0.314051985300000D+03   -0.945740874100000D-06
    0.354274996500000D+03   -0.495560203200000D-06
    0.394539114000000D+03   -0.113660767000000D-06
    0.434836930600000D+03   -0.546155975900000D-07
    0.475139306300000D+03   -0.784931996700000D-07
    0.515441682000000D+03   -0.533131039200000D-07
